1.165515625000000000e+03 1.700671752929687500e+03
1.274890625000000000e+03 1.634265502929687500e+03
1.149890625000000000e+03 1.485828002929687500e+03
1.435046752929687500e+03 2.181140625000000000e+03
1.505359252929687500e+03 1.935046752929687500e+03
1.110828125000000000e+03 1.661609252929687500e+03
1.942859252929687500e+03 2.325671875000000000e+03
2.075671875000000000e+03 1.618640502929687500e+03
2.548328125000000000e+03 1.989734252929687500e+03
2.485828125000000000e+03 2.099109375000000000e+03
1.747546752929687500e+03 2.118640625000000000e+03
1.626453002929687500e+03 2.071765625000000000e+03
1.493640502929687500e+03 1.810046752929687500e+03
1.138171875000000000e+03 1.606921752929687500e+03
1.235828125000000000e+03 1.907703002929687500e+03
1.388171752929687500e+03 2.157703125000000000e+03
1.017078063964843750e+03 2.067859375000000000e+03
2.067859375000000000e+03 2.060046875000000000e+03
1.341296752929687500e+03 2.267078125000000000e+03
1.353015502929687500e+03 2.110828125000000000e+03
1.575671752929687500e+03 2.321765625000000000e+03
1.747546752929687500e+03 2.313953125000000000e+03
2.454578125000000000e+03 2.079578125000000000e+03
1.052234375000000000e+03 1.794421752929687500e+03
1.892078002929687500e+03 2.325671875000000000e+03
1.415515502929687500e+03 1.989734252929687500e+03
1.774890502929687500e+03 2.126453125000000000e+03
2.017078002929687500e+03 1.876453002929687500e+03
2.638171630859375000e+03 2.212390625000000000e+03
1.181140625000000000e+03 1.497546752929687500e+03
2.603015380859375000e+03 1.716296752929687500e+03
1.579578002929687500e+03 2.173328125000000000e+03
1.395984252929687500e+03 1.966296752929687500e+03
2.552234375000000000e+03 2.345203125000000000e+03
2.095203125000000000e+03 1.974109252929687500e+03
1.399890502929687500e+03 2.106921875000000000e+03
2.122546875000000000e+03 1.751453002929687500e+03
1.364734252929687500e+03 1.950671752929687500e+03
1.356921752929687500e+03 2.067859375000000000e+03
2.493640625000000000e+03 1.720203002929687500e+03
1.040515625000000000e+03 2.071765625000000000e+03
1.122546875000000000e+03 1.974109252929687500e+03
2.181140625000000000e+03 2.567859375000000000e+03
2.513171875000000000e+03 1.966296752929687500e+03
9.467655639648437500e+02 1.540515502929687500e+03
1.552234252929687500e+03 2.356921875000000000e+03
2.079578125000000000e+03 2.552234375000000000e+03
1.317859252929687500e+03 1.782703002929687500e+03
1.513171752929687500e+03 2.212390625000000000e+03
1.833484252929687500e+03 2.411609375000000000e+03
2.747546630859375000e+03 1.782703002929687500e+03
2.134265625000000000e+03 1.954578002929687500e+03
1.884265502929687500e+03 2.419421875000000000e+03
1.337390502929687500e+03 1.895984252929687500e+03
2.333484375000000000e+03 1.966296752929687500e+03
1.478015502929687500e+03 1.895984252929687500e+03
1.259265625000000000e+03 1.681140502929687500e+03
2.497546875000000000e+03 1.935046752929687500e+03
1.634265502929687500e+03 1.645984252929687500e+03
2.419421875000000000e+03 2.099109375000000000e+03
2.009265502929687500e+03 1.724109252929687500e+03
2.454578125000000000e+03 1.915515502929687500e+03
1.548328002929687500e+03 1.575671752929687500e+03
2.411609375000000000e+03 2.036609252929687500e+03
2.106921875000000000e+03 2.067859375000000000e+03
2.173328125000000000e+03 1.813953002929687500e+03
2.368640625000000000e+03 1.935046752929687500e+03
1.056140625000000000e+03 1.544421752929687500e+03
2.060046875000000000e+03 2.095203125000000000e+03
2.673327880859375000e+03 1.935046752929687500e+03
1.313953002929687500e+03 2.267078125000000000e+03
2.372546875000000000e+03 2.169421875000000000e+03
2.321765625000000000e+03 2.009265502929687500e+03
2.091296875000000000e+03 2.509265625000000000e+03
2.083484375000000000e+03 2.024890502929687500e+03
2.587390380859375000e+03 2.056140625000000000e+03
1.895984252929687500e+03 1.657703002929687500e+03
1.360828002929687500e+03 1.509265502929687500e+03
1.907703002929687500e+03 2.376453125000000000e+03
2.556140625000000000e+03 2.747546630859375000e+03
2.876452880859375000e+03 1.575671752929687500e+03
2.673327880859375000e+03 2.009265502929687500e+03
2.563953125000000000e+03 2.583484130859375000e+03
1.579578002929687500e+03 1.692859252929687500e+03
1.200671875000000000e+03 1.669421752929687500e+03
1.935046752929687500e+03 2.571765380859375000e+03
1.298328002929687500e+03 1.610828002929687500e+03
1.548328002929687500e+03 1.806140502929687500e+03
1.188953125000000000e+03 1.688953002929687500e+03
1.040515625000000000e+03 1.989734252929687500e+03
2.474109375000000000e+03 2.325671875000000000e+03
1.474109252929687500e+03 2.196765625000000000e+03
1.685046752929687500e+03 1.630359252929687500e+03
2.060046875000000000e+03 1.888171752929687500e+03
1.626453002929687500e+03 2.001453002929687500e+03
1.954578002929687500e+03 1.845203002929687500e+03
1.423328002929687500e+03 2.290515625000000000e+03
1.735828002929687500e+03 1.802234252929687500e+03
1.571765502929687500e+03 2.415515625000000000e+03
1.267078125000000000e+03 1.770984252929687500e+03
1.626453002929687500e+03 1.810046752929687500e+03
2.099109375000000000e+03 1.899890502929687500e+03
1.899890502929687500e+03 2.556140625000000000e+03
1.419421752929687500e+03 1.935046752929687500e+03
2.263171875000000000e+03 2.497546875000000000e+03
2.610827880859375000e+03 1.794421752929687500e+03
1.548328002929687500e+03 2.220203125000000000e+03
1.864734252929687500e+03 2.368640625000000000e+03
1.220203125000000000e+03 2.267078125000000000e+03
2.306140625000000000e+03 2.161609375000000000e+03
2.071765625000000000e+03 1.669421752929687500e+03
2.181140625000000000e+03 2.423328125000000000e+03
2.157703125000000000e+03 2.481921875000000000e+03
2.669421630859375000e+03 2.642077880859375000e+03
1.478015502929687500e+03 1.712390502929687500e+03
1.692859252929687500e+03 1.927234252929687500e+03
1.856921752929687500e+03 2.192859375000000000e+03
2.657702880859375000e+03 2.372546875000000000e+03
1.114734375000000000e+03 1.770984252929687500e+03
1.829578002929687500e+03 1.825671752929687500e+03
2.681140380859375000e+03 2.302234375000000000e+03
2.255359375000000000e+03 2.001453002929687500e+03
2.704577880859375000e+03 1.645984252929687500e+03
1.915515502929687500e+03 2.317859375000000000e+03
1.145984375000000000e+03 1.696765502929687500e+03
1.337390502929687500e+03 2.142078125000000000e+03
1.876453002929687500e+03 1.833484252929687500e+03
1.392078002929687500e+03 1.778796752929687500e+03
9.467655639648437500e+02 1.583484252929687500e+03
1.528796752929687500e+03 1.536609252929687500e+03
1.681140502929687500e+03 2.411609375000000000e+03
1.212390625000000000e+03 1.915515502929687500e+03
2.263171875000000000e+03 2.442859375000000000e+03
2.435046875000000000e+03 1.997546752929687500e+03
1.228015625000000000e+03 2.165515625000000000e+03
1.985828002929687500e+03 1.915515502929687500e+03
1.970203002929687500e+03 2.587390380859375000e+03
1.790515502929687500e+03 1.071765625000000000e+03
1.856921752929687500e+03 2.450671875000000000e+03
1.735828002929687500e+03 1.950671752929687500e+03
2.489734375000000000e+03 2.142078125000000000e+03
2.228015625000000000e+03 2.435046875000000000e+03
2.200671875000000000e+03 2.567859375000000000e+03
1.454578002929687500e+03 2.001453002929687500e+03
2.497546875000000000e+03 2.017078002929687500e+03
1.114734375000000000e+03 2.020984252929687500e+03
1.165515625000000000e+03 1.759265502929687500e+03
1.970203002929687500e+03 1.712390502929687500e+03
2.634265380859375000e+03 2.056140625000000000e+03
1.591296752929687500e+03 1.548328002929687500e+03
1.481921752929687500e+03 1.388171752929687500e+03
1.958484252929687500e+03 2.532703125000000000e+03
2.454578125000000000e+03 1.673328002929687500e+03
1.907703002929687500e+03 2.478015625000000000e+03
1.524890502929687500e+03 1.833484252929687500e+03
1.431140502929687500e+03 1.599109252929687500e+03
1.442859252929687500e+03 1.954578002929687500e+03
2.259265625000000000e+03 2.036609252929687500e+03
2.353015625000000000e+03 1.845203002929687500e+03
1.028796875000000000e+03 1.817859252929687500e+03
2.438953125000000000e+03 2.399890625000000000e+03
1.591296752929687500e+03 2.341296875000000000e+03
1.282703125000000000e+03 1.462390502929687500e+03
1.782703002929687500e+03 1.813953002929687500e+03
1.685046752929687500e+03 2.192859375000000000e+03
2.606921630859375000e+03 2.399890625000000000e+03
1.735828002929687500e+03 2.079578125000000000e+03
1.681140502929687500e+03 1.958484252929687500e+03
1.255359375000000000e+03 1.907703002929687500e+03
1.454578002929687500e+03 2.126453125000000000e+03
2.735827880859375000e+03 1.614734252929687500e+03
1.212390625000000000e+03 2.220203125000000000e+03
1.649890502929687500e+03 1.774890502929687500e+03
2.274890625000000000e+03 2.712390380859375000e+03
2.454578125000000000e+03 2.153796875000000000e+03
1.356921752929687500e+03 2.290515625000000000e+03
1.368640502929687500e+03 1.731921752929687500e+03
2.017078002929687500e+03 1.657703002929687500e+03
1.431140502929687500e+03 1.825671752929687500e+03
1.802234252929687500e+03 2.356921875000000000e+03
1.091296875000000000e+03 1.622546752929687500e+03
1.520984252929687500e+03 2.341296875000000000e+03
2.419421875000000000e+03 2.673327880859375000e+03
2.517078125000000000e+03 2.364734375000000000e+03
2.005359252929687500e+03 1.849109252929687500e+03
2.595202880859375000e+03 1.950671752929687500e+03
1.728015502929687500e+03 2.282703125000000000e+03
1.739734252929687500e+03 2.485828125000000000e+03
1.212390625000000000e+03 1.489734252929687500e+03
1.235828125000000000e+03 1.661609252929687500e+03
1.724109252929687500e+03 2.231921875000000000e+03
2.169421875000000000e+03 1.759265502929687500e+03
1.735828002929687500e+03 1.903796752929687500e+03
1.763171752929687500e+03 1.884265502929687500e+03
1.829578002929687500e+03 1.220203125000000000e+03
2.165515625000000000e+03 1.591296752929687500e+03
2.435046875000000000e+03 2.778796630859375000e+03
1.020984313964843750e+03 1.642078002929687500e+03
2.228015625000000000e+03 2.286609375000000000e+03
2.337390625000000000e+03 1.767078002929687500e+03
2.036609252929687500e+03 1.669421752929687500e+03
2.157703125000000000e+03 3.100468750000000000e+02
1.091296875000000000e+03 1.997546752929687500e+03
1.735828002929687500e+03 1.126453125000000000e+03
1.696765502929687500e+03 1.880359252929687500e+03
2.243640625000000000e+03 1.872546752929687500e+03
9.858280639648437500e+02 2.095203125000000000e+03
1.786609252929687500e+03 2.509265625000000000e+03
1.185046875000000000e+03 1.942859252929687500e+03
1.532703002929687500e+03 1.731921752929687500e+03
1.548328002929687500e+03 2.294421875000000000e+03
1.876453002929687500e+03 2.243640625000000000e+03
2.603015380859375000e+03 2.642077880859375000e+03
1.786609252929687500e+03 2.208484375000000000e+03
2.099109375000000000e+03 1.376453002929687500e+03
9.623905639648437500e+02 1.747546752929687500e+03
1.310046752929687500e+03 2.157703125000000000e+03
1.302234252929687500e+03 1.466296752929687500e+03
1.036609375000000000e+03 2.145984375000000000e+03
2.665515380859375000e+03 1.583484252929687500e+03
1.700671752929687500e+03 1.138171875000000000e+03
1.649890502929687500e+03 1.923328002929687500e+03
2.614734130859375000e+03 2.149890625000000000e+03
1.895984252929687500e+03 2.239734375000000000e+03
1.755359252929687500e+03 2.356921875000000000e+03
1.157703125000000000e+03 2.239734375000000000e+03
1.567859252929687500e+03 2.228015625000000000e+03
9.311405639648437500e+02 1.716296752929687500e+03
2.270984375000000000e+03 2.188953125000000000e+03
2.716296630859375000e+03 2.411609375000000000e+03
1.708484252929687500e+03 2.110828125000000000e+03
1.821765502929687500e+03 1.958484252929687500e+03
2.638171630859375000e+03 2.864734130859375000e+03
1.384265502929687500e+03 1.895984252929687500e+03
1.251453125000000000e+03 2.103015625000000000e+03
1.485828002929687500e+03 1.685046752929687500e+03
2.614734130859375000e+03 2.333484375000000000e+03
1.165515625000000000e+03 1.856921752929687500e+03
1.938953002929687500e+03 1.169421875000000000e+03
2.599109130859375000e+03 1.751453002929687500e+03
2.552234375000000000e+03 2.649890380859375000e+03
1.829578002929687500e+03 2.145984375000000000e+03
2.114734375000000000e+03 1.825671752929687500e+03
1.755359252929687500e+03 7.241093139648437500e+02
1.571765502929687500e+03 1.407703002929687500e+03
1.938953002929687500e+03 2.134265625000000000e+03
2.532703125000000000e+03 2.774890380859375000e+03
2.517078125000000000e+03 1.903796752929687500e+03
1.962390502929687500e+03 1.747546752929687500e+03
2.313953125000000000e+03 2.595202880859375000e+03
1.192859375000000000e+03 2.169421875000000000e+03
1.716296752929687500e+03 2.368640625000000000e+03
2.333484375000000000e+03 2.735827880859375000e+03
1.841296752929687500e+03 1.083484375000000000e+03
1.618640502929687500e+03 2.368640625000000000e+03
1.692859252929687500e+03 1.103015625000000000e+03
9.858280639648437500e+02 1.786609252929687500e+03
2.274890625000000000e+03 1.278796875000000000e+03
1.935046752929687500e+03 2.196765625000000000e+03
1.524890502929687500e+03 1.688953002929687500e+03
1.579578002929687500e+03 1.880359252929687500e+03
9.936405639648437500e+02 1.560046752929687500e+03
1.845203002929687500e+03 1.688953002929687500e+03
1.860828002929687500e+03 1.177234375000000000e+03
2.142078125000000000e+03 1.856921752929687500e+03
1.399890502929687500e+03 1.626453002929687500e+03
2.501453125000000000e+03 2.626452880859375000e+03
1.255359375000000000e+03 1.442859252929687500e+03
2.153796875000000000e+03 1.376453002929687500e+03
1.927234252929687500e+03 2.524890625000000000e+03
1.415515502929687500e+03 2.325671875000000000e+03
1.470203002929687500e+03 1.548328002929687500e+03
1.849109252929687500e+03 2.310046875000000000e+03
1.931140502929687500e+03 2.091296875000000000e+03
2.544421875000000000e+03 2.079578125000000000e+03
1.860828002929687500e+03 2.540515625000000000e+03
1.294421752929687500e+03 1.423328002929687500e+03
2.122546875000000000e+03 1.985828002929687500e+03
1.360828002929687500e+03 1.989734252929687500e+03
2.509265625000000000e+03 2.321765625000000000e+03
1.083484375000000000e+03 1.942859252929687500e+03
1.181140625000000000e+03 1.888171752929687500e+03
1.630359252929687500e+03 1.767078002929687500e+03
1.923328002929687500e+03 1.868640502929687500e+03
1.399890502929687500e+03 1.935046752929687500e+03
2.278796875000000000e+03 1.829578002929687500e+03
1.060046875000000000e+03 1.583484252929687500e+03
2.696765380859375000e+03 2.571765380859375000e+03
1.392078002929687500e+03 1.728015502929687500e+03
1.118640625000000000e+03 1.919421752929687500e+03
1.958484252929687500e+03 2.474109375000000000e+03
1.685046752929687500e+03 2.376453125000000000e+03
2.208484375000000000e+03 2.630359130859375000e+03
1.063953125000000000e+03 1.770984252929687500e+03
1.911609252929687500e+03 1.302234252929687500e+03
2.270984375000000000e+03 2.415515625000000000e+03
2.134265625000000000e+03 2.513171875000000000e+03
1.130359375000000000e+03 1.735828002929687500e+03
1.888171752929687500e+03 2.345203125000000000e+03
1.794421752929687500e+03 1.864734252929687500e+03
2.145984375000000000e+03 2.173328125000000000e+03
2.415515625000000000e+03 2.126453125000000000e+03
2.349109375000000000e+03 2.353015625000000000e+03
1.704578002929687500e+03 1.317859252929687500e+03
1.974109252929687500e+03 1.649890502929687500e+03
1.009265563964843750e+03 1.942859252929687500e+03
2.286609375000000000e+03 2.372546875000000000e+03
1.993640502929687500e+03 2.520984375000000000e+03
2.337390625000000000e+03 2.427234375000000000e+03
1.462390502929687500e+03 1.853015502929687500e+03
1.063953125000000000e+03 1.958484252929687500e+03
2.731921630859375000e+03 1.837390502929687500e+03
1.603015502929687500e+03 2.306140625000000000e+03
2.063953125000000000e+03 1.849109252929687500e+03
2.040515502929687500e+03 1.731921752929687500e+03
2.188953125000000000e+03 1.700671752929687500e+03
2.224109375000000000e+03 2.216296875000000000e+03
2.493640625000000000e+03 2.228015625000000000e+03
2.017078002929687500e+03 9.702030639648437500e+02
1.247546875000000000e+03 2.188953125000000000e+03
1.458484252929687500e+03 1.567859252929687500e+03
1.126453125000000000e+03 1.692859252929687500e+03
2.634265380859375000e+03 1.978015502929687500e+03
1.755359252929687500e+03 1.610828002929687500e+03
2.138171875000000000e+03 2.372546875000000000e+03
2.458484375000000000e+03 2.700671630859375000e+03
1.056140625000000000e+03 1.872546752929687500e+03
1.290515502929687500e+03 1.825671752929687500e+03
1.817859252929687500e+03 1.938953002929687500e+03
9.116093139648437500e+02 1.567859252929687500e+03
2.462390625000000000e+03 2.282703125000000000e+03
2.052234375000000000e+03 8.764530639648437500e+02
2.595202880859375000e+03 2.005359252929687500e+03
1.333484252929687500e+03 1.833484252929687500e+03
1.935046752929687500e+03 2.427234375000000000e+03
2.700671630859375000e+03 2.360828125000000000e+03
2.009265502929687500e+03 1.790515502929687500e+03
1.575671752929687500e+03 2.060046875000000000e+03
1.513171752929687500e+03 1.556140502929687500e+03
1.728015502929687500e+03 9.194218139648437500e+02
1.380359252929687500e+03 1.833484252929687500e+03
1.794421752929687500e+03 1.130359375000000000e+03
2.517078125000000000e+03 2.665515380859375000e+03
1.743640502929687500e+03 1.868640502929687500e+03
1.997546752929687500e+03 2.595202880859375000e+03
1.337390502929687500e+03 1.915515502929687500e+03
1.708484252929687500e+03 7.787968139648437500e+02
2.103015625000000000e+03 2.095203125000000000e+03
1.626453002929687500e+03 2.103015625000000000e+03
2.536609375000000000e+03 1.907703002929687500e+03
2.212390625000000000e+03 2.392078125000000000e+03
1.294421752929687500e+03 2.087390625000000000e+03
1.841296752929687500e+03 1.872546752929687500e+03
1.966296752929687500e+03 1.142078125000000000e+03
2.138171875000000000e+03 2.567859375000000000e+03
2.145984375000000000e+03 2.419421875000000000e+03
1.751453002929687500e+03 1.169421875000000000e+03
2.165515625000000000e+03 1.060046875000000000e+03
1.235828125000000000e+03 1.739734252929687500e+03
2.071765625000000000e+03 9.975468139648437500e+02
2.087390625000000000e+03 7.905155639648437500e+02
1.442859252929687500e+03 2.052234375000000000e+03
1.606921752929687500e+03 2.235828125000000000e+03
1.024890625000000000e+03 1.673328002929687500e+03
1.575671752929687500e+03 1.841296752929687500e+03
1.415515502929687500e+03 2.216296875000000000e+03
2.204578125000000000e+03 2.493640625000000000e+03
1.743640502929687500e+03 9.506718139648437500e+02
2.380359375000000000e+03 2.372546875000000000e+03
2.313953125000000000e+03 2.044421752929687500e+03
2.360828125000000000e+03 2.630359130859375000e+03
1.821765502929687500e+03 1.735828002929687500e+03
2.560046875000000000e+03 2.036609252929687500e+03
1.290515502929687500e+03 2.138171875000000000e+03
2.356921875000000000e+03 2.317859375000000000e+03
1.895984252929687500e+03 1.931140502929687500e+03
2.048328125000000000e+03 1.798328002929687500e+03
2.536609375000000000e+03 2.212390625000000000e+03
1.645984252929687500e+03 1.415515502929687500e+03
1.060046875000000000e+03 1.673328002929687500e+03
2.212390625000000000e+03 1.810046752929687500e+03
1.735828002929687500e+03 1.700671752929687500e+03
1.645984252929687500e+03 2.345203125000000000e+03
1.407703002929687500e+03 2.028796752929687500e+03
1.778796752929687500e+03 1.759265502929687500e+03
1.052234375000000000e+03 1.603015502929687500e+03
1.364734252929687500e+03 1.872546752929687500e+03
1.899890502929687500e+03 2.200671875000000000e+03
1.993640502929687500e+03 1.876453002929687500e+03
1.360828002929687500e+03 1.567859252929687500e+03
2.583484130859375000e+03 1.778796752929687500e+03
1.661609252929687500e+03 1.677234252929687500e+03
1.552234252929687500e+03 2.407703125000000000e+03
1.317859252929687500e+03 2.310046875000000000e+03
1.599109252929687500e+03 1.724109252929687500e+03
1.196765625000000000e+03 1.645984252929687500e+03
2.474109375000000000e+03 2.395984375000000000e+03
2.317859375000000000e+03 2.653796630859375000e+03
1.798328002929687500e+03 9.233280639648437500e+02
1.591296752929687500e+03 1.649890502929687500e+03
2.083484375000000000e+03 2.130359375000000000e+03
2.517078125000000000e+03 1.853015502929687500e+03
1.142078125000000000e+03 1.895984252929687500e+03
1.630359252929687500e+03 1.880359252929687500e+03
2.243640625000000000e+03 2.321765625000000000e+03
1.103015625000000000e+03 1.536609252929687500e+03
1.927234252929687500e+03 1.892078002929687500e+03
2.325671875000000000e+03 1.813953002929687500e+03
2.208484375000000000e+03 2.286609375000000000e+03
2.079578125000000000e+03 2.630359130859375000e+03
1.376453002929687500e+03 1.665515502929687500e+03
2.185046875000000000e+03 2.298328125000000000e+03
1.157703125000000000e+03 1.638171752929687500e+03
1.653796752929687500e+03 2.407703125000000000e+03
2.302234375000000000e+03 1.884265502929687500e+03
2.060046875000000000e+03 1.747546752929687500e+03
2.688952880859375000e+03 2.091296875000000000e+03
2.134265625000000000e+03 2.118640625000000000e+03
2.634265380859375000e+03 2.774890380859375000e+03
1.724109252929687500e+03 6.850468139648437500e+02
2.603015380859375000e+03 2.231921875000000000e+03
2.036609252929687500e+03 1.431140502929687500e+03
1.552234252929687500e+03 1.653796752929687500e+03
2.728015380859375000e+03 2.138171875000000000e+03
2.692859130859375000e+03 2.267078125000000000e+03
1.946765502929687500e+03 1.060046875000000000e+03
9.389530639648437500e+02 1.696765502929687500e+03
1.083484375000000000e+03 2.036609252929687500e+03
1.704578002929687500e+03 2.216296875000000000e+03
2.638171630859375000e+03 2.810046630859375000e+03
1.087390625000000000e+03 2.216296875000000000e+03
1.341296752929687500e+03 1.567859252929687500e+03
1.497546752929687500e+03 1.517078002929687500e+03
1.724109252929687500e+03 2.263171875000000000e+03
2.481921875000000000e+03 1.696765502929687500e+03
1.681140502929687500e+03 2.212390625000000000e+03
1.716296752929687500e+03 8.764530639648437500e+02
2.310046875000000000e+03 6.147343750000000000e+02
1.978015502929687500e+03 2.130359375000000000e+03
1.942859252929687500e+03 2.388171875000000000e+03
2.392078125000000000e+03 2.763171630859375000e+03
1.407703002929687500e+03 2.048328125000000000e+03
2.228015625000000000e+03 1.739734252929687500e+03
1.274890625000000000e+03 1.868640502929687500e+03
1.403796752929687500e+03 2.345203125000000000e+03
1.095203125000000000e+03 1.747546752929687500e+03
2.110828125000000000e+03 2.036609252929687500e+03
2.528796875000000000e+03 2.290515625000000000e+03
1.270984375000000000e+03 1.720203002929687500e+03
1.903796752929687500e+03 1.161609375000000000e+03
2.317859375000000000e+03 2.481921875000000000e+03
1.255359375000000000e+03 2.153796875000000000e+03
1.774890502929687500e+03 2.267078125000000000e+03
2.622546630859375000e+03 1.673328002929687500e+03
1.751453002929687500e+03 2.099109375000000000e+03
1.224109375000000000e+03 1.548328002929687500e+03
1.032703125000000000e+03 2.126453125000000000e+03
2.317859375000000000e+03 1.712390502929687500e+03
1.966296752929687500e+03 1.923328002929687500e+03
1.856921752929687500e+03 2.153796875000000000e+03
1.306140502929687500e+03 1.677234252929687500e+03
1.634265502929687500e+03 2.196765625000000000e+03
1.142078125000000000e+03 1.966296752929687500e+03
1.677234252929687500e+03 6.811405639648437500e+02
1.560046752929687500e+03 2.173328125000000000e+03
1.438953002929687500e+03 1.708484252929687500e+03
2.153796875000000000e+03 1.888171752929687500e+03
1.263171875000000000e+03 2.286609375000000000e+03
2.501453125000000000e+03 2.567859375000000000e+03
2.579577880859375000e+03 2.630359130859375000e+03
2.575671630859375000e+03 2.720202880859375000e+03
2.704577880859375000e+03 2.321765625000000000e+03
1.161609375000000000e+03 1.899890502929687500e+03
1.556140502929687500e+03 2.056140625000000000e+03
2.669421630859375000e+03 2.192859375000000000e+03
1.837390502929687500e+03 1.306140502929687500e+03
2.704577880859375000e+03 2.017078002929687500e+03
2.411609375000000000e+03 2.169421875000000000e+03
1.770984252929687500e+03 1.239734375000000000e+03
1.759265502929687500e+03 5.678593750000000000e+02
2.099109375000000000e+03 2.591296630859375000e+03
2.028796752929687500e+03 2.610827880859375000e+03
1.200671875000000000e+03 1.794421752929687500e+03
2.200671875000000000e+03 1.583484252929687500e+03
1.524890502929687500e+03 1.919421752929687500e+03
1.974109252929687500e+03 2.079578125000000000e+03
2.255359375000000000e+03 1.763171752929687500e+03
2.157703125000000000e+03 2.360828125000000000e+03
1.337390502929687500e+03 1.614734252929687500e+03
2.603015380859375000e+03 2.356921875000000000e+03
1.849109252929687500e+03 7.084843139648437500e+02
2.220203125000000000e+03 2.536609375000000000e+03
1.478015502929687500e+03 1.978015502929687500e+03
1.587390502929687500e+03 1.813953002929687500e+03
1.700671752929687500e+03 7.475468139648437500e+02
2.552234375000000000e+03 2.829577880859375000e+03
2.571765380859375000e+03 2.423328125000000000e+03
2.020984252929687500e+03 8.022343139648437500e+02
1.395984252929687500e+03 2.267078125000000000e+03
2.458484375000000000e+03 1.868640502929687500e+03
1.642078002929687500e+03 1.841296752929687500e+03
1.306140502929687500e+03 1.579578002929687500e+03
2.247546875000000000e+03 2.384265625000000000e+03
2.278796875000000000e+03 2.634265380859375000e+03
3.005359130859375000e+03 1.603015502929687500e+03
1.372546752929687500e+03 2.188953125000000000e+03
1.829578002929687500e+03 2.239734375000000000e+03
1.446765502929687500e+03 2.255359375000000000e+03
2.798327880859375000e+03 1.716296752929687500e+03
2.126453125000000000e+03 2.399890625000000000e+03
2.376453125000000000e+03 2.415515625000000000e+03
1.962390502929687500e+03 1.243640625000000000e+03
2.587390380859375000e+03 2.185046875000000000e+03
1.759265502929687500e+03 1.071765625000000000e+03
1.520984252929687500e+03 1.774890502929687500e+03
2.200671875000000000e+03 2.251453125000000000e+03
2.657702880859375000e+03 2.755359130859375000e+03
2.997546630859375000e+03 1.657703002929687500e+03
2.458484375000000000e+03 1.895984252929687500e+03
1.606921752929687500e+03 2.431140625000000000e+03
2.696765380859375000e+03 1.688953002929687500e+03
1.603015502929687500e+03 1.360828002929687500e+03
2.599109130859375000e+03 2.743640380859375000e+03
1.099109375000000000e+03 2.181140625000000000e+03
1.204578125000000000e+03 1.825671752929687500e+03
1.825671752929687500e+03 1.649890502929687500e+03
1.884265502929687500e+03 1.786609252929687500e+03
1.606921752929687500e+03 1.938953002929687500e+03
2.478015625000000000e+03 2.665515380859375000e+03
1.970203002929687500e+03 1.950671752929687500e+03
2.403796875000000000e+03 2.329578125000000000e+03
1.341296752929687500e+03 1.688953002929687500e+03
2.099109375000000000e+03 6.108281250000000000e+02
2.427234375000000000e+03 2.520984375000000000e+03
2.470203125000000000e+03 1.767078002929687500e+03
1.247546875000000000e+03 2.083484375000000000e+03
2.153796875000000000e+03 1.923328002929687500e+03
1.735828002929687500e+03 1.216296875000000000e+03
1.513171752929687500e+03 2.388171875000000000e+03
1.126453125000000000e+03 1.513171752929687500e+03
1.849109252929687500e+03 2.270984375000000000e+03
2.028796752929687500e+03 1.626453002929687500e+03
2.599109130859375000e+03 1.907703002929687500e+03
2.313953125000000000e+03 1.853015502929687500e+03
9.780155639648437500e+02 1.618640502929687500e+03
2.192859375000000000e+03 1.849109252929687500e+03
1.595203002929687500e+03 1.911609252929687500e+03
1.005359313964843750e+03 1.978015502929687500e+03
1.294421752929687500e+03 2.118640625000000000e+03
2.286609375000000000e+03 2.470203125000000000e+03
1.673328002929687500e+03 2.087390625000000000e+03
1.599109252929687500e+03 1.474109252929687500e+03
2.728015380859375000e+03 2.118640625000000000e+03
1.181140625000000000e+03 2.251453125000000000e+03
2.829577880859375000e+03 1.606921752929687500e+03
9.780155639648437500e+02 1.599109252929687500e+03
1.388171752929687500e+03 1.696765502929687500e+03
1.935046752929687500e+03 1.560046752929687500e+03
1.481921752929687500e+03 1.583484252929687500e+03
2.134265625000000000e+03 1.935046752929687500e+03
1.368640502929687500e+03 1.813953002929687500e+03
2.024890502929687500e+03 8.295780639648437500e+02
1.645984252929687500e+03 1.556140502929687500e+03
2.228015625000000000e+03 2.649890380859375000e+03
2.603015380859375000e+03 2.099109375000000000e+03
2.302234375000000000e+03 1.763171752929687500e+03
2.091296875000000000e+03 7.006718139648437500e+02
1.501453002929687500e+03 2.106921875000000000e+03
1.872546752929687500e+03 1.903796752929687500e+03
2.423328125000000000e+03 2.286609375000000000e+03
1.950671752929687500e+03 2.368640625000000000e+03
1.825671752929687500e+03 1.630359252929687500e+03
2.169421875000000000e+03 1.794421752929687500e+03
1.423328002929687500e+03 2.353015625000000000e+03
2.212390625000000000e+03 1.860828002929687500e+03
2.001453002929687500e+03 2.485828125000000000e+03
2.224109375000000000e+03 2.517078125000000000e+03
2.028796752929687500e+03 5.717656250000000000e+02
1.895984252929687500e+03 2.259265625000000000e+03
2.685046630859375000e+03 2.130359375000000000e+03
2.669421630859375000e+03 2.595202880859375000e+03
1.552234252929687500e+03 1.688953002929687500e+03
2.056140625000000000e+03 1.708484252929687500e+03
1.665515502929687500e+03 1.360828002929687500e+03
1.032703125000000000e+03 1.720203002929687500e+03
1.673328002929687500e+03 1.224109375000000000e+03
2.524890625000000000e+03 2.813952880859375000e+03
2.356921875000000000e+03 2.142078125000000000e+03
1.138171875000000000e+03 1.841296752929687500e+03
1.442859252929687500e+03 1.856921752929687500e+03
2.056140625000000000e+03 1.817859252929687500e+03
2.786609130859375000e+03 1.642078002929687500e+03
2.856921630859375000e+03 1.755359252929687500e+03
1.200671875000000000e+03 1.872546752929687500e+03
2.106921875000000000e+03 2.642077880859375000e+03
1.528796752929687500e+03 1.423328002929687500e+03
2.177234375000000000e+03 2.337390625000000000e+03
2.079578125000000000e+03 1.728015502929687500e+03
1.446765502929687500e+03 1.685046752929687500e+03
1.837390502929687500e+03 9.116093139648437500e+02
2.552234375000000000e+03 2.173328125000000000e+03
1.298328002929687500e+03 2.302234375000000000e+03
2.024890502929687500e+03 1.833484252929687500e+03
2.751452880859375000e+03 1.634265502929687500e+03
2.103015625000000000e+03 1.856921752929687500e+03
1.317859252929687500e+03 1.763171752929687500e+03
1.071765625000000000e+03 2.079578125000000000e+03
2.052234375000000000e+03 2.618640380859375000e+03
1.489734252929687500e+03 2.130359375000000000e+03
1.606921752929687500e+03 1.958484252929687500e+03
1.938953002929687500e+03 1.118640625000000000e+03
1.376453002929687500e+03 1.595203002929687500e+03
2.204578125000000000e+03 2.313953125000000000e+03
1.927234252929687500e+03 1.735828002929687500e+03
2.583484130859375000e+03 1.649890502929687500e+03
1.079578125000000000e+03 2.017078002929687500e+03
2.087390625000000000e+03 8.530155639648437500e+02
2.310046875000000000e+03 5.014530944824218750e+02
2.700671630859375000e+03 2.247546875000000000e+03
1.497546752929687500e+03 2.036609252929687500e+03
1.716296752929687500e+03 1.056140625000000000e+03
1.020984313964843750e+03 1.692859252929687500e+03
2.411609375000000000e+03 2.263171875000000000e+03
2.880359130859375000e+03 1.681140502929687500e+03
1.075671875000000000e+03 1.493640502929687500e+03
2.778796630859375000e+03 1.794421752929687500e+03
1.669421752929687500e+03 2.169421875000000000e+03
2.188953125000000000e+03 1.966296752929687500e+03
1.856921752929687500e+03 1.575671752929687500e+03
1.806140502929687500e+03 2.290515625000000000e+03
1.681140502929687500e+03 1.341296752929687500e+03
2.645984130859375000e+03 1.677234252929687500e+03
2.856921630859375000e+03 1.622546752929687500e+03
2.692859130859375000e+03 1.962390502929687500e+03
1.673328002929687500e+03 6.381718750000000000e+02
2.036609252929687500e+03 2.552234375000000000e+03
1.642078002929687500e+03 1.860828002929687500e+03
2.884265380859375000e+03 1.649890502929687500e+03
1.200671875000000000e+03 1.853015502929687500e+03
1.720203002929687500e+03 8.491093139648437500e+02
1.974109252929687500e+03 1.997546752929687500e+03
2.384265625000000000e+03 1.899890502929687500e+03
1.634265502929687500e+03 2.392078125000000000e+03
1.353015502929687500e+03 2.173328125000000000e+03
2.399890625000000000e+03 1.864734252929687500e+03
2.536609375000000000e+03 2.563953125000000000e+03
2.759265380859375000e+03 1.751453002929687500e+03
1.860828002929687500e+03 1.259265625000000000e+03
1.583484252929687500e+03 1.794421752929687500e+03
2.661609130859375000e+03 2.087390625000000000e+03
2.560046875000000000e+03 1.817859252929687500e+03
1.481921752929687500e+03 1.743640502929687500e+03
2.274890625000000000e+03 1.950671752929687500e+03
2.341296875000000000e+03 2.220203125000000000e+03
1.356921752929687500e+03 1.642078002929687500e+03
2.634265380859375000e+03 2.009265502929687500e+03
2.739734130859375000e+03 1.661609252929687500e+03
2.075671875000000000e+03 1.770984252929687500e+03
1.587390502929687500e+03 2.228015625000000000e+03
2.048328125000000000e+03 1.544421752929687500e+03
2.329578125000000000e+03 2.317859375000000000e+03
2.110828125000000000e+03 2.169421875000000000e+03
1.790515502929687500e+03 8.530155639648437500e+02
2.017078002929687500e+03 7.241093139648437500e+02
2.860827880859375000e+03 1.603015502929687500e+03
2.677234130859375000e+03 1.915515502929687500e+03
2.329578125000000000e+03 2.294421875000000000e+03
1.278796875000000000e+03 2.224109375000000000e+03
1.743640502929687500e+03 2.263171875000000000e+03
2.341296875000000000e+03 2.462390625000000000e+03
2.524890625000000000e+03 2.110828125000000000e+03
2.020984252929687500e+03 2.056140625000000000e+03
2.177234375000000000e+03 4.702030944824218750e+02
2.228015625000000000e+03 2.106921875000000000e+03
2.692859130859375000e+03 1.981921752929687500e+03
2.095203125000000000e+03 6.577030639648437500e+02
1.118640625000000000e+03 2.181140625000000000e+03
1.685046752929687500e+03 2.286609375000000000e+03
2.286609375000000000e+03 7.592655639648437500e+02
1.591296752929687500e+03 1.767078002929687500e+03
2.134265625000000000e+03 1.903796752929687500e+03
1.915515502929687500e+03 1.626453002929687500e+03
2.368640625000000000e+03 2.188953125000000000e+03
1.919421752929687500e+03 1.806140502929687500e+03
2.427234375000000000e+03 1.892078002929687500e+03
1.669421752929687500e+03 2.005359252929687500e+03
1.872546752929687500e+03 6.303593750000000000e+02
2.528796875000000000e+03 2.255359375000000000e+03
2.384265625000000000e+03 1.794421752929687500e+03
1.356921752929687500e+03 1.599109252929687500e+03
2.267078125000000000e+03 2.087390625000000000e+03
1.899890502929687500e+03 2.169421875000000000e+03
1.899890502929687500e+03 7.748905639648437500e+02
1.895984252929687500e+03 2.220203125000000000e+03
1.513171752929687500e+03 2.153796875000000000e+03
2.520984375000000000e+03 2.395984375000000000e+03
9.428593139648437500e+02 1.743640502929687500e+03
1.599109252929687500e+03 2.075671875000000000e+03
2.247546875000000000e+03 2.099109375000000000e+03
2.349109375000000000e+03 1.935046752929687500e+03
1.122546875000000000e+03 1.716296752929687500e+03
1.931140502929687500e+03 2.235828125000000000e+03
2.700671630859375000e+03 2.341296875000000000e+03
2.110828125000000000e+03 5.600468750000000000e+02
2.442859375000000000e+03 1.849109252929687500e+03
1.255359375000000000e+03 2.208484375000000000e+03
1.552234252929687500e+03 1.610828002929687500e+03
2.388171875000000000e+03 2.239734375000000000e+03
2.028796752929687500e+03 1.688953002929687500e+03
2.310046875000000000e+03 5.405156250000000000e+02
1.997546752929687500e+03 9.506718139648437500e+02
2.282703125000000000e+03 2.067859375000000000e+03
1.911609252929687500e+03 1.204578125000000000e+03
1.825671752929687500e+03 1.997546752929687500e+03
2.263171875000000000e+03 2.685046630859375000e+03
1.868640502929687500e+03 1.126453125000000000e+03
2.770984130859375000e+03 1.622546752929687500e+03
2.489734375000000000e+03 2.255359375000000000e+03
1.528796752929687500e+03 2.040515502929687500e+03
2.224109375000000000e+03 9.662968139648437500e+02
2.431140625000000000e+03 2.341296875000000000e+03
2.423328125000000000e+03 1.778796752929687500e+03
2.138171875000000000e+03 1.688953002929687500e+03
1.509265502929687500e+03 1.427234252929687500e+03
1.704578002929687500e+03 8.022343139648437500e+02
1.493640502929687500e+03 2.063953125000000000e+03
1.817859252929687500e+03 1.306140502929687500e+03
2.149890625000000000e+03 1.778796752929687500e+03
1.747546752929687500e+03 1.235828125000000000e+03
1.774890502929687500e+03 1.610828002929687500e+03
1.954578002929687500e+03 1.614734252929687500e+03
2.122546875000000000e+03 2.474109375000000000e+03
2.583484130859375000e+03 2.353015625000000000e+03
1.970203002929687500e+03 1.970203002929687500e+03
1.513171752929687500e+03 2.255359375000000000e+03
2.384265625000000000e+03 2.329578125000000000e+03
1.853015502929687500e+03 8.491093139648437500e+02
1.505359252929687500e+03 1.575671752929687500e+03
2.497546875000000000e+03 2.192859375000000000e+03
2.399890625000000000e+03 2.353015625000000000e+03
1.888171752929687500e+03 2.282703125000000000e+03
1.747546752929687500e+03 1.333484252929687500e+03
1.810046752929687500e+03 4.623905944824218750e+02
2.388171875000000000e+03 2.720202880859375000e+03
1.599109252929687500e+03 1.419421752929687500e+03
2.298328125000000000e+03 7.006718139648437500e+02
1.563953002929687500e+03 2.110828125000000000e+03
1.829578002929687500e+03 7.748905639648437500e+02
1.876453002929687500e+03 2.161609375000000000e+03
1.978015502929687500e+03 2.106921875000000000e+03
2.153796875000000000e+03 2.083484375000000000e+03
1.544421752929687500e+03 2.134265625000000000e+03
2.802234130859375000e+03 1.677234252929687500e+03
1.798328002929687500e+03 1.603015502929687500e+03
2.079578125000000000e+03 4.428593444824218750e+02
1.829578002929687500e+03 1.603015502929687500e+03
2.317859375000000000e+03 2.403796875000000000e+03
3.001452880859375000e+03 1.634265502929687500e+03
2.099109375000000000e+03 6.342656250000000000e+02
1.431140502929687500e+03 1.642078002929687500e+03
1.083484375000000000e+03 1.810046752929687500e+03
1.950671752929687500e+03 1.978015502929687500e+03
2.020984252929687500e+03 9.037968139648437500e+02
2.560046875000000000e+03 1.892078002929687500e+03
1.259265625000000000e+03 2.063953125000000000e+03
2.575671630859375000e+03 2.610827880859375000e+03
2.438953125000000000e+03 2.688952880859375000e+03
1.720203002929687500e+03 8.295780639648437500e+02
2.200671875000000000e+03 1.731921752929687500e+03
1.802234252929687500e+03 2.438953125000000000e+03
2.208484375000000000e+03 2.685046630859375000e+03
2.579577880859375000e+03 2.739734130859375000e+03
1.665515502929687500e+03 2.188953125000000000e+03
1.020984313964843750e+03 1.595203002929687500e+03
2.423328125000000000e+03 2.306140625000000000e+03
2.185046875000000000e+03 4.350468444824218750e+02
1.165515625000000000e+03 1.560046752929687500e+03
1.481921752929687500e+03 2.095203125000000000e+03
2.185046875000000000e+03 1.942859252929687500e+03
1.505359252929687500e+03 1.704578002929687500e+03
2.017078002929687500e+03 7.436405639648437500e+02
1.321765502929687500e+03 1.962390502929687500e+03
1.524890502929687500e+03 1.575671752929687500e+03
2.091296875000000000e+03 6.811405639648437500e+02
2.103015625000000000e+03 2.474109375000000000e+03
1.892078002929687500e+03 1.892078002929687500e+03
2.688952880859375000e+03 1.770984252929687500e+03
2.349109375000000000e+03 5.014530944824218750e+02
2.767077880859375000e+03 1.708484252929687500e+03
1.681140502929687500e+03 1.317859252929687500e+03
1.927234252929687500e+03 2.263171875000000000e+03
1.665515502929687500e+03 2.372546875000000000e+03
1.692859252929687500e+03 1.786609252929687500e+03
1.954578002929687500e+03 2.075671875000000000e+03
1.540515502929687500e+03 2.091296875000000000e+03
1.845203002929687500e+03 1.712390502929687500e+03
1.645984252929687500e+03 2.087390625000000000e+03
1.040515625000000000e+03 1.692859252929687500e+03
1.829578002929687500e+03 2.185046875000000000e+03
1.282703125000000000e+03 1.677234252929687500e+03
1.501453002929687500e+03 1.759265502929687500e+03
2.423328125000000000e+03 1.735828002929687500e+03
2.149890625000000000e+03 1.622546752929687500e+03
2.395984375000000000e+03 2.411609375000000000e+03
1.618640502929687500e+03 2.149890625000000000e+03
2.341296875000000000e+03 2.614734130859375000e+03
2.548328125000000000e+03 1.837390502929687500e+03
1.024890625000000000e+03 1.880359252929687500e+03
1.767078002929687500e+03 9.077030639648437500e+02
2.587390380859375000e+03 2.845202880859375000e+03
2.247546875000000000e+03 2.071765625000000000e+03
9.467655639648437500e+02 1.634265502929687500e+03
2.157703125000000000e+03 2.220203125000000000e+03
1.513171752929687500e+03 1.880359252929687500e+03
2.657702880859375000e+03 1.895984252929687500e+03
1.204578125000000000e+03 1.595203002929687500e+03
2.360828125000000000e+03 2.747546630859375000e+03
2.677234130859375000e+03 1.895984252929687500e+03
2.657702880859375000e+03 1.978015502929687500e+03
2.177234375000000000e+03 2.317859375000000000e+03
1.103015625000000000e+03 1.810046752929687500e+03
2.247546875000000000e+03 2.653796630859375000e+03
1.841296752929687500e+03 2.216296875000000000e+03
2.571765380859375000e+03 2.165515625000000000e+03
1.649890502929687500e+03 2.450671875000000000e+03
2.091296875000000000e+03 7.202030639648437500e+02
1.056140625000000000e+03 2.200671875000000000e+03
2.478015625000000000e+03 2.794421630859375000e+03
1.360828002929687500e+03 1.688953002929687500e+03
1.618640502929687500e+03 2.169421875000000000e+03
2.458484375000000000e+03 1.622546752929687500e+03
1.810046752929687500e+03 7.280155639648437500e+02
2.087390625000000000e+03 9.272343139648437500e+02
1.474109252929687500e+03 2.063953125000000000e+03
1.243640625000000000e+03 2.228015625000000000e+03
1.704578002929687500e+03 1.188953125000000000e+03
2.720202880859375000e+03 1.708484252929687500e+03
2.259265625000000000e+03 8.647343139648437500e+02
2.935046630859375000e+03 1.610828002929687500e+03
2.661609130859375000e+03 2.142078125000000000e+03
2.106921875000000000e+03 2.399890625000000000e+03
2.099109375000000000e+03 3.998905944824218750e+02
1.708484252929687500e+03 1.825671752929687500e+03
1.294421752929687500e+03 1.731921752929687500e+03
2.489734375000000000e+03 2.599109130859375000e+03
1.560046752929687500e+03 2.091296875000000000e+03
2.294421875000000000e+03 1.985828002929687500e+03
2.583484130859375000e+03 2.091296875000000000e+03
1.704578002929687500e+03 1.603015502929687500e+03
2.798327880859375000e+03 1.696765502929687500e+03
1.767078002929687500e+03 1.685046752929687500e+03
1.095203125000000000e+03 1.872546752929687500e+03
1.724109252929687500e+03 1.333484252929687500e+03
2.122546875000000000e+03 1.438953002929687500e+03
1.356921752929687500e+03 1.618640502929687500e+03
1.185046875000000000e+03 1.540515502929687500e+03
1.103015625000000000e+03 1.790515502929687500e+03
1.692859252929687500e+03 2.466296875000000000e+03
1.688953002929687500e+03 5.952031250000000000e+02
1.442859252929687500e+03 1.774890502929687500e+03
9.858280639648437500e+02 1.950671752929687500e+03
1.966296752929687500e+03 2.435046875000000000e+03
2.087390625000000000e+03 8.725468139648437500e+02
2.622546630859375000e+03 1.923328002929687500e+03
2.095203125000000000e+03 1.825671752929687500e+03
1.794421752929687500e+03 8.881718139648437500e+02
2.157703125000000000e+03 2.341296875000000000e+03
2.692859130859375000e+03 1.942859252929687500e+03
1.532703002929687500e+03 1.606921752929687500e+03
1.153796875000000000e+03 1.810046752929687500e+03
1.505359252929687500e+03 2.083484375000000000e+03
2.196765625000000000e+03 2.364734375000000000e+03
2.056140625000000000e+03 1.138171875000000000e+03
2.220203125000000000e+03 4.545780944824218750e+02
2.056140625000000000e+03 1.349109252929687500e+03
2.235828125000000000e+03 1.938953002929687500e+03
2.692859130859375000e+03 2.056140625000000000e+03
1.880359252929687500e+03 2.548328125000000000e+03
1.712390502929687500e+03 1.849109252929687500e+03
1.685046752929687500e+03 2.114734375000000000e+03
2.118640625000000000e+03 2.009265502929687500e+03
2.173328125000000000e+03 2.384265625000000000e+03
1.431140502929687500e+03 1.524890502929687500e+03
2.267078125000000000e+03 2.224109375000000000e+03
1.895984252929687500e+03 8.920780639648437500e+02
2.478015625000000000e+03 2.493640625000000000e+03
1.407703002929687500e+03 1.700671752929687500e+03
1.255359375000000000e+03 1.462390502929687500e+03
1.517078002929687500e+03 2.134265625000000000e+03
2.384265625000000000e+03 2.700671630859375000e+03
2.083484375000000000e+03 1.853015502929687500e+03
1.821765502929687500e+03 1.778796752929687500e+03
1.755359252929687500e+03 2.188953125000000000e+03
2.294421875000000000e+03 7.202030639648437500e+02
2.544421875000000000e+03 2.685046630859375000e+03
2.267078125000000000e+03 1.700671752929687500e+03
2.583484130859375000e+03 2.255359375000000000e+03
1.532703002929687500e+03 2.399890625000000000e+03
1.435046752929687500e+03 1.392078002929687500e+03
9.897343139648437500e+02 2.075671875000000000e+03
1.688953002929687500e+03 1.731921752929687500e+03
2.188953125000000000e+03 2.278796875000000000e+03
1.185046875000000000e+03 1.579578002929687500e+03
2.255359375000000000e+03 1.899890502929687500e+03
2.204578125000000000e+03 1.313953002929687500e+03
2.419421875000000000e+03 1.833484252929687500e+03
1.810046752929687500e+03 1.696765502929687500e+03
2.388171875000000000e+03 1.954578002929687500e+03
1.571765502929687500e+03 1.649890502929687500e+03
2.056140625000000000e+03 7.983280639648437500e+02
2.704577880859375000e+03 1.603015502929687500e+03
1.122546875000000000e+03 2.228015625000000000e+03
2.536609375000000000e+03 2.231921875000000000e+03
2.317859375000000000e+03 2.446765625000000000e+03
2.337390625000000000e+03 1.794421752929687500e+03
2.017078002929687500e+03 1.329578002929687500e+03
2.278796875000000000e+03 2.653796630859375000e+03
1.958484252929687500e+03 2.114734375000000000e+03
1.997546752929687500e+03 2.032703002929687500e+03
1.458484252929687500e+03 1.708484252929687500e+03
2.552234375000000000e+03 2.290515625000000000e+03
1.579578002929687500e+03 1.860828002929687500e+03
1.767078002929687500e+03 2.235828125000000000e+03
2.419421875000000000e+03 2.403796875000000000e+03
2.290515625000000000e+03 7.397343139648437500e+02
2.095203125000000000e+03 9.545780639648437500e+02
2.606921630859375000e+03 2.380359375000000000e+03
2.181140625000000000e+03 1.880359252929687500e+03
2.630359130859375000e+03 2.270984375000000000e+03
2.622546630859375000e+03 1.696765502929687500e+03
2.103015625000000000e+03 5.912968750000000000e+02
2.478015625000000000e+03 1.860828002929687500e+03
1.298328002929687500e+03 1.524890502929687500e+03
1.411609252929687500e+03 2.235828125000000000e+03
9.467655639648437500e+02 1.653796752929687500e+03
1.966296752929687500e+03 1.103015625000000000e+03
1.884265502929687500e+03 1.157703125000000000e+03
2.005359252929687500e+03 2.259265625000000000e+03
1.501453002929687500e+03 1.739734252929687500e+03
1.899890502929687500e+03 1.747546752929687500e+03
1.997546752929687500e+03 2.466296875000000000e+03
1.450671752929687500e+03 1.548328002929687500e+03
9.662968139648437500e+02 1.665515502929687500e+03
1.821765502929687500e+03 1.169421875000000000e+03
1.895984252929687500e+03 1.122546875000000000e+03
1.145984375000000000e+03 1.513171752929687500e+03
2.224109375000000000e+03 2.321765625000000000e+03
2.114734375000000000e+03 5.405156250000000000e+02
2.247546875000000000e+03 9.037968139648437500e+02
2.438953125000000000e+03 2.263171875000000000e+03
2.228015625000000000e+03 1.837390502929687500e+03
2.274890625000000000e+03 1.864734252929687500e+03
2.017078002929687500e+03 7.827030639648437500e+02
9.858280639648437500e+02 1.970203002929687500e+03
2.192859375000000000e+03 1.829578002929687500e+03
2.321765625000000000e+03 2.208484375000000000e+03
1.880359252929687500e+03 1.767078002929687500e+03
1.798328002929687500e+03 1.767078002929687500e+03
1.364734252929687500e+03 2.329578125000000000e+03
1.134265625000000000e+03 2.126453125000000000e+03
1.622546752929687500e+03 2.122546875000000000e+03
2.880359130859375000e+03 1.724109252929687500e+03
1.864734252929687500e+03 1.974109252929687500e+03
2.020984252929687500e+03 6.811405639648437500e+02
1.774890502929687500e+03 6.147343750000000000e+02
2.595202880859375000e+03 1.970203002929687500e+03
1.438953002929687500e+03 1.728015502929687500e+03
2.153796875000000000e+03 1.501453002929687500e+03
1.903796752929687500e+03 1.845203002929687500e+03
2.638171630859375000e+03 2.099109375000000000e+03
1.813953002929687500e+03 7.944218139648437500e+02
2.692859130859375000e+03 1.829578002929687500e+03
1.337390502929687500e+03 2.091296875000000000e+03
2.263171875000000000e+03 2.282703125000000000e+03
2.149890625000000000e+03 2.013171752929687500e+03
2.470203125000000000e+03 1.978015502929687500e+03
1.935046752929687500e+03 2.407703125000000000e+03
1.802234252929687500e+03 1.724109252929687500e+03
2.610827880859375000e+03 1.829578002929687500e+03
1.399890502929687500e+03 1.817859252929687500e+03
1.892078002929687500e+03 1.228015625000000000e+03
1.759265502929687500e+03 2.489734375000000000e+03
1.935046752929687500e+03 1.685046752929687500e+03
9.662968139648437500e+02 1.638171752929687500e+03
2.173328125000000000e+03 1.923328002929687500e+03
2.110828125000000000e+03 3.412968444824218750e+02
9.858280639648437500e+02 1.856921752929687500e+03
1.188953125000000000e+03 1.520984252929687500e+03
1.845203002929687500e+03 1.622546752929687500e+03
1.716296752929687500e+03 2.478015625000000000e+03
1.427234252929687500e+03 2.263171875000000000e+03
2.673327880859375000e+03 1.696765502929687500e+03
1.001453063964843750e+03 1.595203002929687500e+03
2.720202880859375000e+03 1.872546752929687500e+03
2.661609130859375000e+03 1.810046752929687500e+03
1.204578125000000000e+03 1.935046752929687500e+03
1.329578002929687500e+03 1.813953002929687500e+03
2.145984375000000000e+03 2.052234375000000000e+03
2.349109375000000000e+03 1.634265502929687500e+03
1.020984313964843750e+03 1.860828002929687500e+03
1.161609375000000000e+03 1.954578002929687500e+03
1.942859252929687500e+03 2.177234375000000000e+03
2.185046875000000000e+03 2.626452880859375000e+03
1.610828002929687500e+03 1.767078002929687500e+03
1.954578002929687500e+03 2.095203125000000000e+03
2.149890625000000000e+03 1.724109252929687500e+03
1.540515502929687500e+03 2.110828125000000000e+03
2.153796875000000000e+03 4.662968444824218750e+02
9.780155639648437500e+02 1.813953002929687500e+03
2.626452880859375000e+03 2.185046875000000000e+03
2.052234375000000000e+03 9.936405639648437500e+02
1.493640502929687500e+03 1.876453002929687500e+03
2.185046875000000000e+03 1.470203002929687500e+03
2.247546875000000000e+03 1.853015502929687500e+03
2.220203125000000000e+03 4.350468444824218750e+02
1.079578125000000000e+03 1.579578002929687500e+03
2.583484130859375000e+03 1.630359252929687500e+03
2.294421875000000000e+03 1.923328002929687500e+03
1.345203002929687500e+03 2.313953125000000000e+03
1.122546875000000000e+03 1.626453002929687500e+03
1.778796752929687500e+03 1.935046752929687500e+03
2.856921630859375000e+03 1.700671752929687500e+03
2.536609375000000000e+03 1.735828002929687500e+03
1.360828002929687500e+03 2.032703002929687500e+03
1.630359252929687500e+03 1.685046752929687500e+03
1.606921752929687500e+03 1.978015502929687500e+03
1.532703002929687500e+03 1.626453002929687500e+03
1.907703002929687500e+03 2.501453125000000000e+03
2.247546875000000000e+03 1.188953125000000000e+03
1.681140502929687500e+03 1.833484252929687500e+03
1.946765502929687500e+03 1.907703002929687500e+03
1.384265502929687500e+03 2.341296875000000000e+03
1.270984375000000000e+03 1.653796752929687500e+03
1.825671752929687500e+03 2.520984375000000000e+03
1.907703002929687500e+03 1.071765625000000000e+03
1.130359375000000000e+03 1.587390502929687500e+03
2.337390625000000000e+03 2.188953125000000000e+03
2.313953125000000000e+03 1.927234252929687500e+03
1.622546752929687500e+03 2.310046875000000000e+03
2.825671630859375000e+03 1.642078002929687500e+03
2.462390625000000000e+03 2.118640625000000000e+03
2.560046875000000000e+03 2.270984375000000000e+03
